BFS
Steps: 27, Weight: 546, Nodes: 38075, Time (ms): 6955.06, Memory (MB): 0.21
uuuuuuuRRRRRurDDrddddDDDrdL
[0, 0, 0, 0, 0, 0, 0, 42, 84, 126, 168, 210, 210, 210, 252, 294, 294, 294, 294, 294, 294, 357, 420, 483, 483, 483, 546]
DFS
Steps: 242, Weight: 924, Nodes: 53848, Time (ms): 19138.08, Memory (MB): 0.97
ddruurddruuuuuuuuuuurdddddddrddddruurddruuruuuuurdruuuuulddlulddddddlDDDuuuuuuuuurddddddrddddlLuuuuuuuuuulddddddlddddRuulddluulddluulddluuuuuuuuuurDDDDDuuuuuurdddddddrddddluulddluuuuRRuldlddddruurruUddddluulddluuuuuurddruRRRddddrurdrdLuuuulUU
[0, 0, 0, 0, 0, 0, 0, 0, 0, 0, 0, 0, 0, 0, 0, 0, 0, 0, 0, 0, 0, 0, 0, 0, 0, 0, 0, 0, 0, 0, 0, 0, 0, 0, 0, 0, 0, 0, 0, 0, 0, 0, 0, 0, 0, 0, 0, 0, 0, 0, 0, 0, 0, 0, 0, 0, 0, 0, 0, 0, 0, 0, 0, 0, 0, 0, 0, 0, 0, 63, 126, 189, 189, 189, 189, 189, 189, 189, 189, 189, 189, 189, 189, 189, 189, 189, 189, 189, 189, 189, 189, 189, 189, 189, 252, 252, 252, 252, 252, 252, 252, 252, 252, 252, 252, 252, 252, 252, 252, 252, 252, 252, 252, 252, 252, 252, 252, 315, 315, 315, 315, 315, 315, 315, 315, 315, 315, 315, 315, 315, 315, 315, 315, 315, 315, 315, 315, 315, 315, 315, 315, 315, 315, 315, 315, 315, 315, 357, 399, 441, 483, 525, 525, 525, 525, 525, 525, 525, 525, 525, 525, 525, 525, 525, 525, 525, 525, 525, 525, 525, 525, 525, 525, 525, 525, 525, 525, 525, 525, 525, 525, 525, 567, 609, 609, 609, 609, 609, 609, 609, 609, 609, 609, 609, 609, 609, 609, 609, 651, 651, 651, 651, 651, 651, 651, 651, 651, 651, 651, 651, 651, 651, 651, 651, 651, 651, 651, 651, 651, 651, 651, 693, 735, 777, 777, 777, 777, 777, 777, 777, 777, 777, 777, 777, 840, 840, 840, 840, 840, 840, 882, 924]
UCS
Steps: 27, Weight: 546, Nodes: 695353, Time (ms): 140047.96, Memory (MB): 0.21
uuuuuuuRRRRRurDDrddddDDDrdL
[0, 0, 0, 0, 0, 0, 0, 42, 84, 126, 168, 210, 210, 210, 252, 294, 294, 294, 294, 294, 294, 357, 420, 483, 483, 483, 546]
A*
Steps: 29, Weight: 546, Nodes: 2443, Time (ms): 529.98, Memory (MB): 0.18
uuruuuuluRRRRRurDDrddddDDDrdL
[0, 0, 0, 0, 0, 0, 0, 0, 0, 42, 84, 126, 168, 210, 210, 210, 252, 294, 294, 294, 294, 294, 294, 357, 420, 483, 483, 483, 546]