BFS
Steps: 28, Weight: 348, Nodes: 22365, Time (ms): 3559.64, Memory (MB): 0.18
rrrruuuRurDDDDrrrrrrruuuRurD
[0, 0, 0, 0, 0, 0, 0, 34, 34, 34, 68, 102, 136, 170, 170, 170, 170, 170, 170, 170, 170, 170, 170, 170, 259, 259, 259, 348]
DFS
Steps: 128, Weight: 526, Nodes: 64939, Time (ms): 7221.59, Memory (MB): 0.44
ddruuuuurdddddruuuuuurddddddruuuurddddruurddruurdrurddruuuuuRRdddddluuuuuurrDurddLdddldluldluuldldluulddluulddluuuuruulDDDDulddR
[0, 0, 0, 0, 0, 0, 0, 0, 0, 0, 0, 0, 0, 0, 0, 0, 0, 0, 0, 0, 0, 0, 0, 0, 0, 0, 0, 0, 0, 0, 0, 0, 0, 0, 0, 0, 0, 0, 0, 0, 0, 0, 0, 0, 0, 0, 0, 0, 0, 0, 0, 0, 0, 0, 0, 0, 0, 0, 0, 0, 89, 178, 178, 178, 178, 178, 178, 178, 178, 178, 178, 178, 178, 178, 178, 178, 267, 267, 267, 267, 267, 356, 356, 356, 356, 356, 356, 356, 356, 356, 356, 356, 356, 356, 356, 356, 356, 356, 356, 356, 356, 356, 356, 356, 356, 356, 356, 356, 356, 356, 356, 356, 356, 356, 356, 356, 356, 356, 356, 390, 424, 458, 492, 492, 492, 492, 492, 526]
UCS
Steps: 28, Weight: 348, Nodes: 74352, Time (ms): 11945.77, Memory (MB): 0.18
rrruuurRurDDDDuuurrrrrrrRurD
[0, 0, 0, 0, 0, 0, 0, 34, 34, 34, 68, 102, 136, 170, 170, 170, 170, 170, 170, 170, 170, 170, 170, 170, 259, 259, 259, 348]
A*
Steps: 32, Weight: 348, Nodes: 1840, Time (ms): 300.37, Memory (MB): 0.13
rrrrruuluRurDDDDuurrrurrrrurDldR
[0, 0, 0, 0, 0, 0, 0, 0, 0, 34, 34, 34, 68, 102, 136, 170, 170, 170, 170, 170, 170, 170, 170, 170, 170, 170, 170, 170, 259, 259, 259, 348]