BFS
Steps: 20, Weight: 351, Nodes: 23842, Time (ms): 3889.94, Memory (MB): 0.16
llluUluRRurruLrrrrDD
[0, 0, 0, 0, 50, 50, 50, 100, 150, 150, 150, 150, 150, 195, 195, 195, 195, 195, 273, 351]
DFS
Steps: 126, Weight: 1019, Nodes: 194133, Time (ms): 30390.07, Memory (MB): 0.41
druuuuuurddddddruuuurddddruuuuuuldLdddddruuuuuullDDDDuuuurddddddlUdruuuuuulddlddddluldluulddluuuRRRRdddruuUdddruUddluuuRuLLuuL
[0, 0, 0, 0, 0, 0, 0, 0, 0, 0, 0, 0, 0, 0, 0, 0, 0, 0, 0, 0, 0, 0, 0, 0, 0, 0, 0, 0, 0, 0, 0, 0, 0, 0, 78, 78, 78, 78, 78, 78, 78, 78, 78, 78, 78, 78, 78, 78, 78, 156, 234, 312, 390, 390, 390, 390, 390, 390, 390, 390, 390, 390, 390, 390, 390, 468, 468, 468, 468, 468, 468, 468, 468, 468, 468, 468, 468, 468, 468, 468, 468, 468, 468, 468, 468, 468, 468, 468, 468, 468, 468, 468, 468, 468, 468, 468, 518, 568, 618, 668, 668, 668, 668, 668, 668, 668, 718, 718, 718, 718, 718, 718, 796, 796, 796, 796, 796, 796, 796, 874, 874, 924, 974, 974, 974, 1019]
UCS
Steps: 20, Weight: 351, Nodes: 223914, Time (ms): 35197.19, Memory (MB): 0.16
llulUluRRurruLrrrrDD
[0, 0, 0, 0, 50, 50, 50, 100, 150, 150, 150, 150, 150, 195, 195, 195, 195, 195, 273, 351]
A*
Steps: 22, Weight: 351, Nodes: 808, Time (ms): 150.17, Memory (MB): 0.06
uulldlUluRRurruLrrrrDD
[0, 0, 0, 0, 0, 0, 50, 50, 50, 100, 150, 150, 150, 150, 150, 195, 195, 195, 195, 195, 273, 351]