BFS
Steps: 27, Weight: 84, Nodes: 86280, Time (ms): 50373.30, Memory (MB): 0.23
rruRRRRRRRRurDDrrRRRRRRRdrU
[0, 0, 0, 6, 12, 18, 24, 30, 36, 42, 48, 48, 48, 54, 60, 60, 60, 63, 66, 69, 72, 75, 78, 81, 81, 81, 84]
DFS
Steps: 511, Weight: 228, Nodes: 1202447, Time (ms): 437476.77, Memory (MB): 2.24
ddruuuuuuurdddddddruuUdddruuuuuuuurdddrdddddruuuuuuuurddddddddruuuuuuuurdddddddrdruuurdddruUddruuuulDDuurddddlluuuldddluuuuuuulddddddldluuuuuuuulddddddddluuuuuuuuldddldddddluuuUddddruuuuuuuulddDDuuuurddddddddluulddluuuuuuurddddRRRddrdruuuuuuuulddddDDuuuuuuldddlddddrRdrUdruuuuuuuuldddddldRRddruUddluuuuuuuurddddDDuuuuuurdddddddrdruuurdddrUdruuuuldDuurdddLdlUUrdrdruuuuldlLLLLddrdruuuuluuuldddluuuuldddddddRRuuuuuuulddddDDuuuuuurdddddddRRRdrUdruuuuldldRddruUddluldluuuuldddluuuuuuulddddddldRRuuuuuurddddrrrRRRRRR
[0, 0, 0, 0, 0, 0, 0, 0, 0, 0, 0, 0, 0, 0, 0, 0, 0, 0, 0, 0, 0, 6, 6, 6, 6, 6, 6, 6, 6, 6, 6, 6, 6, 6, 6, 6, 6, 6, 6, 6, 6, 6, 6, 6, 6, 6, 6, 6, 6, 6, 6, 6, 6, 6, 6, 6, 6, 6, 6, 6, 6, 6, 6, 6, 6, 6, 6, 6, 6, 6, 6, 6, 6, 6, 6, 6, 6, 6, 6, 6, 6, 6, 6, 6, 6, 6, 6, 6, 6, 6, 6, 9, 9, 9, 9, 9, 9, 9, 9, 9, 12, 15, 15, 15, 15, 15, 15, 15, 15, 15, 15, 15, 15, 15, 15, 15, 15, 15, 15, 15, 15, 15, 15, 15, 15, 15, 15, 15, 15, 15, 15, 15, 15, 15, 15, 15, 15, 15, 15, 15, 15, 15, 15, 15, 15, 15, 15, 15, 15, 15, 15, 15, 15, 15, 15, 15, 15, 15, 15, 15, 15, 15, 15, 15, 15, 15, 15, 15, 15, 15, 15, 15, 15, 15, 15, 15, 21, 21, 21, 21, 21, 21, 21, 21, 21, 21, 21, 21, 21, 21, 21, 21, 21, 27, 33, 33, 33, 33, 33, 33, 33, 33, 33, 33, 33, 33, 33, 33, 33, 33, 33, 33, 33, 33, 33, 33, 33, 33, 33, 33, 33, 33, 33, 33, 33, 33, 33, 39, 45, 51, 51, 51, 51, 51, 51, 51, 51, 51, 51, 51, 51, 51, 51, 51, 51, 51, 51, 51, 57, 63, 63, 63, 63, 63, 63, 63, 63, 63, 63, 63, 63, 63, 63, 63, 63, 63, 69, 69, 69, 75, 75, 75, 75, 75, 75, 75, 75, 75, 75, 75, 75, 75, 75, 75, 75, 75, 75, 75, 81, 87, 87, 87, 87, 87, 93, 93, 93, 93, 93, 93, 93, 93, 93, 93, 93, 93, 93, 93, 93, 93, 93, 99, 105, 105, 105, 105, 105, 105, 105, 105, 105, 105, 105, 105, 105, 105, 105, 105, 105, 105, 105, 105, 105, 105, 105, 105, 105, 105, 108, 108, 108, 108, 108, 108, 108, 108, 108, 111, 111, 111, 111, 111, 111, 111, 114, 114, 114, 117, 120, 120, 120, 120, 120, 120, 120, 120, 120, 120, 120, 120, 120, 123, 126, 129, 132, 132, 132, 132, 132, 132, 132, 132, 132, 132, 132, 132, 132, 132, 132, 132, 132, 132, 132, 132, 132, 132, 132, 132, 132, 132, 132, 132, 132, 132, 132, 138, 144, 144, 144, 144, 144, 144, 144, 144, 144, 144, 144, 144, 144, 147, 150, 150, 150, 150, 150, 150, 150, 150, 150, 150, 150, 150, 150, 150, 150, 156, 162, 168, 168, 168, 174, 174, 174, 174, 174, 174, 174, 174, 174, 174, 174, 180, 180, 180, 180, 180, 186, 186, 186, 186, 186, 186, 186, 186, 186, 186, 186, 186, 186, 186, 186, 186, 186, 186, 186, 186, 186, 186, 186, 186, 186, 186, 186, 186, 186, 186, 186, 186, 186, 189, 192, 192, 192, 192, 192, 192, 192, 192, 192, 192, 192, 192, 192, 192, 192, 198, 204, 210, 216, 222, 228]
A*
Steps: 27, Weight: 84, Nodes: 14427, Time (ms): 7770.25, Memory (MB): 0.23
rruRRRRRRRRurDDrrRRRRRRRdrU
[0, 0, 0, 6, 12, 18, 24, 30, 36, 42, 48, 48, 48, 54, 60, 60, 60, 63, 66, 69, 72, 75, 78, 81, 81, 81, 84]