BFS
Steps: 29, Weight: 639, Nodes: 137445, Time (ms): 20894.42, Memory (MB): 0.18
llluUluRRdrrrruuurDDDDDrdLLLL
[0, 0, 0, 0, 78, 78, 78, 156, 234, 234, 234, 234, 234, 234, 234, 234, 234, 234, 279, 324, 369, 414, 459, 459, 459, 504, 549, 594, 639]
DFS
Steps: 249, Weight: 909, Nodes: 137249, Time (ms): 28085.49, Memory (MB): 0.69
druuuuuurddddddruuuurddddruuuuuuldLdddddruuuuuullDDDDuuuurddddddlUdruuuuuulddlddddluuululddddluuUdddruuuurdrdddruuuuuurdddDuuuurddddddlUdruuLddruuuuuuldddlDuuuurddddddlUdluuululddddluuuldddluuuuuurddRRddddrurdrurdruuuuuulddddLddruuuuuuldddlDDuurdddL
[0, 0, 0, 0, 0, 0, 0, 0, 0, 0, 0, 0, 0, 0, 0, 0, 0, 0, 0, 0, 0, 0, 0, 0, 0, 0, 0, 0, 0, 0, 0, 0, 0, 0, 45, 45, 45, 45, 45, 45, 45, 45, 45, 45, 45, 45, 45, 45, 45, 90, 135, 180, 225, 225, 225, 225, 225, 225, 225, 225, 225, 225, 225, 225, 225, 270, 270, 270, 270, 270, 270, 270, 270, 270, 270, 270, 270, 270, 270, 270, 270, 270, 270, 270, 270, 270, 270, 270, 270, 270, 270, 270, 270, 270, 270, 270, 348, 348, 348, 348, 348, 348, 348, 348, 348, 348, 348, 348, 348, 348, 348, 348, 348, 348, 348, 348, 348, 348, 348, 348, 348, 348, 393, 393, 393, 393, 393, 393, 393, 393, 393, 393, 393, 393, 393, 438, 438, 438, 438, 438, 483, 483, 483, 483, 483, 483, 483, 483, 483, 483, 483, 483, 483, 483, 483, 528, 528, 528, 528, 528, 528, 528, 528, 528, 528, 528, 528, 528, 573, 573, 573, 573, 573, 573, 573, 573, 573, 573, 573, 573, 573, 573, 573, 573, 573, 573, 573, 573, 573, 573, 573, 573, 573, 573, 573, 573, 573, 573, 573, 651, 729, 729, 729, 729, 729, 729, 729, 729, 729, 729, 729, 729, 729, 729, 729, 729, 729, 729, 729, 729, 729, 729, 729, 729, 729, 774, 774, 774, 774, 774, 774, 774, 774, 774, 774, 774, 774, 774, 774, 774, 819, 864, 864, 864, 864, 864, 864, 864, 909]
UCS
Steps: 29, Weight: 639, Nodes: 294625, Time (ms): 44955.57, Memory (MB): 0.18
llluUluRRdrrruururDDDDDrdLLLL
[0, 0, 0, 0, 78, 78, 78, 156, 234, 234, 234, 234, 234, 234, 234, 234, 234, 234, 279, 324, 369, 414, 459, 459, 459, 504, 549, 594, 639]
A*
Steps: 29, Weight: 639, Nodes: 4241, Time (ms): 765.46, Memory (MB): 0.17
uurruuurDDDDDrdLLLLullulUluRR
[0, 0, 0, 0, 0, 0, 0, 0, 45, 90, 135, 180, 225, 225, 225, 270, 315, 360, 405, 405, 405, 405, 405, 405, 483, 483, 483, 561, 639]