BFS
Steps: 23, Weight: 313, Nodes: 134035, Time (ms): 21263.52, Memory (MB): 0.15
llDldRdrrRRRdrUruuurDDD
[0, 0, 42, 42, 42, 84, 84, 84, 84, 94, 104, 114, 114, 114, 124, 124, 124, 124, 124, 124, 187, 250, 313]
DFS
Steps: 123, Weight: 499, Nodes: 351949, Time (ms): 38012.91, Memory (MB): 0.32
ddddrUdruuuuldDDuuurddddLuuuurddddruuuurddddruuuurrdLLdddruuuullDDuurddddllluuuuldddluuulddddRuldluuruulDulddRddrurdRRRRUdR
[0, 0, 0, 0, 0, 10, 10, 10, 10, 10, 10, 10, 10, 10, 20, 30, 30, 30, 30, 30, 30, 30, 30, 30, 40, 40, 40, 40, 40, 40, 40, 40, 40, 40, 40, 40, 40, 40, 40, 40, 40, 40, 40, 40, 40, 40, 40, 40, 40, 40, 40, 40, 103, 166, 166, 166, 166, 166, 166, 166, 166, 166, 166, 166, 229, 292, 292, 292, 292, 292, 292, 292, 292, 292, 292, 292, 292, 292, 292, 292, 292, 292, 292, 292, 292, 292, 292, 292, 292, 292, 292, 292, 292, 302, 302, 302, 302, 302, 302, 302, 302, 302, 302, 302, 344, 344, 344, 344, 344, 386, 386, 386, 386, 386, 386, 386, 396, 406, 416, 426, 489, 489, 499]
UCS
Steps: 23, Weight: 313, Nodes: 722345, Time (ms): 110690.44, Memory (MB): 0.15
llDldRdrrRRRdrUruuurDDD
[0, 0, 42, 42, 42, 84, 84, 84, 84, 94, 104, 114, 114, 114, 124, 124, 124, 124, 124, 124, 187, 250, 313]
A*
Steps: 35, Weight: 313, Nodes: 1965, Time (ms): 386.92, Memory (MB): 0.13
drrrrrurDDDllllullluulDldRdrrRRRdrU
[0, 0, 0, 0, 0, 0, 0, 0, 63, 126, 189, 189, 189, 189, 189, 189, 189, 189, 189, 189, 189, 189, 231, 231, 231, 273, 273, 273, 273, 283, 293, 303, 303, 303, 313]