BFS
Steps: 46, Weight: 2200, Nodes: 14354, Time (ms): 1877.28, Memory (MB): 0.30
ullldlllluulDldRRRRRRurDldRRRRRRdrUluRRRRRRurD
[0, 0, 0, 0, 0, 0, 0, 0, 0, 0, 0, 0, 100, 100, 100, 200, 300, 400, 500, 600, 700, 700, 700, 800, 800, 800, 900, 1000, 1100, 1200, 1300, 1400, 1400, 1400, 1500, 1500, 1500, 1600, 1700, 1800, 1900, 2000, 2100, 2100, 2100, 2200]
DFS
Steps: 486, Weight: 6400, Nodes: 13744, Time (ms): 3781.96, Memory (MB): 2.06
ddrdruuuuuulddluldlddddluuulldldluuuulDDuurddddlUdruuuullddRddruUddruuuulDDuurddddlluRdrUdluuRRRRdddruuUdddruurdrdruuuuuulddluldLddddruurdrdruuuuuulddlululdlDDDuuuurddddddlUUUUddddruuuuuulldRdddddruuuuruulDDDDuuuurddrdddldlUdruurdrdruuuuuulddluldluulddddRRddluuuuuurddrdDuuurdrddddluLuuuuldldddRRuuuurdrddddlUdruuuuuulddlddRddruUddruuuuuulddDDuuuurddddddlluRdrUdruuuluuulddddRddruUddluuuRRururdddlUluRddrdruuuulDDuurddddlUdruuuullddRddruUddruuuulDDDuuulddddRRRRRuuuurdrurddddldlUdruuLLL
[0, 0, 0, 0, 0, 0, 0, 0, 0, 0, 0, 0, 0, 0, 0, 0, 0, 0, 0, 0, 0, 0, 0, 0, 0, 0, 0, 0, 0, 0, 0, 0, 0, 0, 0, 0, 0, 0, 100, 200, 200, 200, 200, 200, 200, 200, 200, 200, 300, 300, 300, 300, 300, 300, 300, 300, 300, 300, 300, 400, 400, 400, 400, 400, 500, 500, 500, 500, 500, 500, 500, 500, 500, 600, 700, 700, 700, 700, 700, 700, 700, 700, 700, 700, 700, 800, 800, 800, 900, 900, 900, 900, 900, 1000, 1100, 1200, 1300, 1300, 1300, 1300, 1300, 1300, 1300, 1400, 1400, 1400, 1400, 1400, 1400, 1400, 1400, 1400, 1400, 1400, 1400, 1400, 1400, 1400, 1400, 1400, 1400, 1400, 1400, 1400, 1400, 1400, 1400, 1400, 1500, 1500, 1500, 1500, 1500, 1500, 1500, 1500, 1500, 1500, 1500, 1500, 1500, 1500, 1500, 1500, 1500, 1500, 1500, 1500, 1500, 1500, 1500, 1500, 1500, 1500, 1500, 1500, 1500, 1600, 1700, 1800, 1800, 1800, 1800, 1800, 1800, 1800, 1800, 1800, 1800, 1800, 1800, 1800, 1900, 2000, 2100, 2200, 2200, 2200, 2200, 2200, 2200, 2200, 2200, 2200, 2200, 2200, 2200, 2200, 2200, 2200, 2300, 2300, 2300, 2300, 2300, 2300, 2300, 2300, 2300, 2300, 2300, 2300, 2300, 2300, 2300, 2400, 2500, 2600, 2700, 2700, 2700, 2700, 2700, 2700, 2700, 2700, 2700, 2700, 2700, 2700, 2700, 2700, 2700, 2800, 2800, 2800, 2800, 2800, 2800, 2800, 2800, 2800, 2800, 2800, 2800, 2800, 2800, 2800, 2800, 2800, 2800, 2800, 2800, 2800, 2800, 2800, 2800, 2800, 2800, 2800, 2800, 2800, 2800, 2800, 2900, 3000, 3000, 3000, 3000, 3000, 3000, 3000, 3000, 3000, 3000, 3000, 3000, 3000, 3000, 3000, 3100, 3100, 3100, 3100, 3100, 3100, 3100, 3100, 3100, 3100, 3100, 3100, 3100, 3200, 3200, 3200, 3200, 3200, 3200, 3200, 3200, 3200, 3200, 3200, 3300, 3400, 3400, 3400, 3400, 3400, 3400, 3400, 3400, 3400, 3400, 3400, 3400, 3400, 3500, 3500, 3500, 3500, 3500, 3500, 3500, 3500, 3500, 3500, 3500, 3500, 3500, 3500, 3500, 3600, 3600, 3600, 3600, 3600, 3700, 3700, 3700, 3700, 3700, 3700, 3700, 3700, 3700, 3700, 3700, 3700, 3700, 3800, 3900, 3900, 3900, 3900, 3900, 3900, 3900, 3900, 3900, 3900, 3900, 3900, 3900, 3900, 3900, 4000, 4000, 4000, 4100, 4100, 4100, 4100, 4100, 4100, 4100, 4100, 4100, 4100, 4100, 4100, 4100, 4100, 4100, 4200, 4200, 4200, 4200, 4200, 4300, 4300, 4300, 4300, 4300, 4300, 4300, 4400, 4500, 4500, 4500, 4500, 4500, 4500, 4500, 4500, 4500, 4600, 4600, 4600, 4700, 4700, 4700, 4700, 4700, 4700, 4700, 4700, 4700, 4700, 4700, 4800, 4900, 4900, 4900, 4900, 4900, 4900, 4900, 4900, 4900, 5000, 5000, 5000, 5000, 5000, 5000, 5000, 5000, 5000, 5000, 5000, 5100, 5100, 5100, 5100, 5100, 5200, 5200, 5200, 5200, 5200, 5200, 5200, 5200, 5200, 5300, 5400, 5500, 5500, 5500, 5500, 5500, 5500, 5500, 5500, 5500, 5600, 5700, 5800, 5900, 6000, 6000, 6000, 6000, 6000, 6000, 6000, 6000, 6000, 6000, 6000, 6000, 6000, 6000, 6000, 6000, 6000, 6100, 6100, 6100, 6100, 6100, 6200, 6300, 6400]
UCS
Steps: 46, Weight: 2200, Nodes: 20366, Time (ms): 2694.06, Memory (MB): 0.29
ullldllulullDldRRRRRRurDldRRRRRdrUluRRRRRRRurD
[0, 0, 0, 0, 0, 0, 0, 0, 0, 0, 0, 0, 100, 100, 100, 200, 300, 400, 500, 600, 700, 700, 700, 800, 800, 800, 900, 1000, 1100, 1200, 1300, 1300, 1300, 1400, 1400, 1400, 1500, 1600, 1700, 1800, 1900, 2000, 2100, 2100, 2100, 2200]
A*
Steps: 46, Weight: 2200, Nodes: 5659, Time (ms): 935.23, Memory (MB): 0.27
ullldlllluulDldRRRRRRurDldRRRRRdrUluRRRRRRRurD
[0, 0, 0, 0, 0, 0, 0, 0, 0, 0, 0, 0, 100, 100, 100, 200, 300, 400, 500, 600, 700, 700, 700, 800, 800, 800, 900, 1000, 1100, 1200, 1300, 1300, 1300, 1400, 1400, 1400, 1500, 1600, 1700, 1800, 1900, 2000, 2100, 2100, 2100, 2200]